-152015660
578359116
970693096
-2141868628
2029844318
668253190
-8092674
1425398296
-658388254
-1695618828
-1157629700
-80509274
-204653702
654049786
1793464762
681802448
81019950
197684258
-1825344544
385646840
460810040
1008328004
-972162090
-1072643448
-1940680812
-1040759842
1351140774
1130922046
-2118399316
1341580054
-642309116
-2036485984
-625550396
454446946
1437989496
508512740
-411277074
-1731389866
-1066044206
1598597132
-1693376934
-2132822888
-557226086
2024857618
-1538835124
1091132206
-851342332
-1974500804
1777284716
-673291152
1234444832
-1672689084
1970488542
-491861834
1090213718
891499028
-1716708364
872824150
-2052770448
559369972
-352270356
-2142925354
1449319612
1955211416
443519124
-1837288510
1506873096
-1405991440
411936314
-73631724
-577787790
41682010
469889954
-1004379982
-1392875248
1812443264
1825905806
457582618
-1695346022
-867546552
559080472
-922929562
1744734200
2006000068
-650098218
196062816
987850820
-1534810058
20939764
-252687754
799589094
-258743262
2103881194
-534487138
1946267488
446776518
1370124920
-1925083182
-884397366
815290978
4
1630009014
40
038
51130

819767676
-419731814
-2096284344
-634240120
435143674
-869555958
1146732182
1609551502
2028093308
1303799178
29667464
404878150
1558890160
966442526
-566754620
792576558
2140648418
-1063043706
488393104
740416900
1666604388
-1156725546
-2064262172
691492934
-259739020
-1746921630
-115396820
1850879954
-708706758
-1290158638
1593655346
1149371644
-1273650898
-133632584
305072280
-841122270
-2004610530
-1765706768
1990368570
-1375680170
-1247656782
-1337188960
1429015588
7896274
-431292190
1176971748
-1255170722
1225040280
-821204670
2038011032
487261980
-1090514992
-1660010240
315454950
1861720660
1102412636
-239716258
-231809628
-489065332
846382598
220663664
2137442932
896927914
-667734536
135209476
427981412
-986609160
928586820
-1152445850
1145111796
145527764
2048756068
690455684
-512930594
-825117494
699687474
26941352
1831754000
-36068586
-614319642
231168488
-1696606448
-576689864
1314655116
2096791082
561084710
-1597439848
-330953736
-356778416
-600478482
931310732
1678670194
-230186922
1013950646
-961698464
-1304140320
-1468240152
-2125113828
159926514
-764588440
104249374
-227410328
435525770
1257364220
1281375866
1118184552
-1449096274
1798463962
-1195989032
-540708098
469807824
1910228402
328246570
2102113300
-182710538
85619850
198792266
-382923264
-1930274830
2053887872
1041339632
-196511220
65791352
1948675312
-2034598454
1033395256
-573652538
823385670
258351228
-102828432
-1660587630
-798804192
565722906
-952690968
-239010338
-1252314070
1992150210
-1496427748
867329834
93541008
185708658
-1235790926
523757308
-1893860338
-108068126
470188486
-281919952
-879691176
-1692152278
1270101328
605585322
-999963120
-173119612
-1928444040
-1535762950
1185553096
1237624412
226904448
-347882730
-1414539170
-1515841094
1004737956
-1180556710
1132290116
-600083296
-1016732754
1447483154
1154632868
1252394990
-632094158
2142588656
1481765302
1809076908
1082135336
-1737881132
1504397776
-59021740
159077540
2146574718
-243967368
1334228600
355855032
-2033900912
-127918232
1856905876
1784716534
-320777552
-1124345688
978132190
-1667067296
1966598990
-1439052888
-1201039296
478850734
-724405812
1143813012
-208298454
-473754962
469733548
661871670
111883036
-777471914
-1679933444
473614254
1460388002
-996918790
-546672830
-995195138
-1642024724
1950311782
-300250928
269240360
-1772780550
-934568566
-598477798
197068368
708294108
-1350249006
972154460
944439650
-1001904268
1561744304
1691400500
-1020298680
1644506988
1114427232
-173864104
-1556219202
974709252
933155854
-1670102704
-1804863032
1021035504
-2145574290
-121674800
-583914850
143399646
641215194
830841718
1018098438
30764976
1670893158
-2089812154
769674860
-516100702
1729452172
-1435974182
-996835082
860207526
647994684
-1190386790
-873107272
1589339900
1634114720
-1749729284
-58997364
568764972
-1364295234
1120401634
1453662548
1932492770
863324968
1503234850
1870517448
-1373826738
-161796216
-594688404
-539096084
1793123358
-761207286
1096729830
-1261356232
344388766
-1473905344
1444251990
-1611932952
896583094
2126810312
-1711857372
799068108
-425020376
-786832704
-92941096
1307111350
-137232554
-70081394
-1036933596
1234347886
992906788
1836465532
1841238446
455225458
1637538798
-35825160
-818026154
-375245378
-1737063648
-1936017812
20869866
-1427463440
309285010
1242754136
542829836
830538002
208510920
-250262658
-1391495374
-765818182
910812050
754705340
1294247004
-1599931076
748650208
-1690108758
1255803616
822108202
262783022
1367889328
-843972280
1634878928
-1790587310
434926694
-221371524
-1149510458
-1059362388
-2064204680
1657760978
535937874
961449606
1416584820
1537375904
153594630
189619522
69590912
1383370822
1655459738
513702840
919387746
-1142459984
1473837192
1705318252
967125308
-1976139428
6734912
1524533146
-946274376
230469056
-567058190
-14557138
151334198
853244544
-414726852
417733404
-1426187856
273188828
164611716
670190282
-1811125782
-1157788690
1542313090
1528501146
1319392214
108818582
-742142764
-608395966
1006143258
963517534
1812512364
-1307697788
-1129062712
-991478886
687480524
1023162814
-751613472
-868795444
1043789098
-1978009098
-1352037720
974009320
2054300612
-611673776
1750565410
1226898776
349766544
-1283903672
-653313442
1992367870
-2133183422
1973213564
-1937057314
-270171072
-984760540
1933572102
1823788716
-764610660
-269202166
-1880226574
1401336840
1469474676
1398955838
1599818716
1657916178
-1150583020
-1906042746
