       0       0       0
       0       0       0
       0       0       0
       0       0       0
       0       0       0
       5       5      15
       5       5      15
       0       0       0
       5       5      15
       3       3       9
      15      15      45
      16      16      48
      15      15      45
      17      17      51
      18      18      54
      52      52     160
      47      47     143
      53      53     163
      49      49     152
      59      59     181
     139     139     437
     139     139     432
     133     133     410
     146     146     451
     128     128     399
     470     470    1473
     464     464    1459
     480     480    1515
     461     461    1450
     475     475    1493
    1121    1121    3544
    1159    1159    3671
    1149    1149    3635
    1126    1126    3567
    1138    1138    3597
    2698    2698    8568
    2672    2672    8473
    2705    2705    8593
    2670    2670    8482
    2700    2700    8575
    8073    8073   25758
    8046    8046   25664
    8007    8007   25533
    8075    8075   25740
    8015    8015   25577
   18092   18092   57820
   18164   18164   58031
   17995   17995   57512
   18076   18076   57764
   18079   18079   57802
